Site	AT_content
0	0.7647058823529411
1	0.7647058823529411
2	0.8235294117647058
3	0.4117647058823529
4	0.6470588235294118
5	0.5882352941176471
6	0.4117647058823529
7	0.6470588235294118
8	0.5294117647058824
9	0.5294117647058824
10	0.7058823529411765
11	0.7058823529411765
12	0.5882352941176471
13	0.5294117647058824
14	0.6470588235294118
15	0.6470588235294118
16	0.5294117647058824
17	0.47058823529411764
18	0.6470588235294118
19	0.6470588235294118
20	0.7058823529411765
21	0.5294117647058824
22	0.47058823529411764
23	0.7647058823529411
24	0.6470588235294118
25	0.7058823529411765
26	0.5882352941176471
27	0.7058823529411765
28	0.6470588235294118
29	0.5882352941176471
30	0.4117647058823529
31	0.4117647058823529
32	0.6470588235294118
33	0.7058823529411765
34	0.5294117647058824
35	0.7058823529411765
36	0.7058823529411765
37	0.7058823529411765
38	0.6470588235294118
39	0.7058823529411765
40	0.6470588235294118
41	0.5882352941176471
42	0.5882352941176471
43	0.47058823529411764
44	0.7058823529411765
45	0.7647058823529411
46	0.6470588235294118
47	0.8235294117647058
48	0.5882352941176471
49	0.6470588235294118
50	0.7647058823529411
51	0.5294117647058824
52	0.5882352941176471
53	0.8823529411764706
54	0.7058823529411765
55	0.5294117647058824
56	0.7058823529411765
57	0.6470588235294118
58	0.6470588235294118
59	0.7647058823529411
60	0.6470588235294118
61	0.7058823529411765
62	0.47058823529411764
63	0.7647058823529411
64	0.5882352941176471
65	0.47058823529411764
66	0.7058823529411765
67	0.5882352941176471
68	0.5882352941176471
69	0.7647058823529411
70	0.5294117647058824
71	0.5882352941176471
72	0.7058823529411765
73	0.5294117647058824
74	0.7647058823529411
75	0.7058823529411765
76	0.47058823529411764
77	0.47058823529411764
78	0.5882352941176471
79	0.7058823529411765
80	0.47058823529411764
81	0.4117647058823529
82	0.6470588235294118
83	0.5882352941176471
84	0.5294117647058824
85	0.5294117647058824
86	0.7058823529411765
87	0.4117647058823529
88	0.4117647058823529
89	0.47058823529411764
90	0.5882352941176471
91	0.6470588235294118
92	0.47058823529411764
93	0.5882352941176471
94	0.6470588235294118
95	0.6470588235294118
96	0.5882352941176471
97	0.5294117647058824
98	0.5294117647058824
99	0.5294117647058824
100	0.5294117647058824
101	0.5294117647058824
102	0.7647058823529411
103	0.5882352941176471
104	0.7647058823529411
105	0.7647058823529411
106	0.29411764705882354
107	0.5294117647058824
108	0.8823529411764706
109	0.6470588235294118
110	0.6470588235294118
111	0.7058823529411765
112	0.5882352941176471
113	0.5294117647058824
114	0.6470588235294118
115	0.5294117647058824
116	0.5882352941176471
117	0.7058823529411765
118	0.5294117647058824
119	0.7058823529411765
120	0.7647058823529411
121	0.7647058823529411
122	0.6470588235294118
123	0.5294117647058824
124	0.7058823529411765
125	0.4117647058823529
126	0.5882352941176471
127	0.47058823529411764
128	0.47058823529411764
129	0.6470588235294118
130	0.7058823529411765
131	0.6470588235294118
132	0.7058823529411765
133	0.7647058823529411
134	0.7647058823529411
135	0.5882352941176471
136	0.5294117647058824
137	0.6470588235294118
138	0.47058823529411764
139	0.7058823529411765
140	0.47058823529411764
141	0.5882352941176471
142	0.7058823529411765
143	0.7058823529411765
144	0.5294117647058824
145	0.7647058823529411
146	0.8235294117647058
147	0.7647058823529411
148	0.5882352941176471
149	0.4117647058823529
150	0.7058823529411765
151	0.7058823529411765
152	0.35294117647058826
153	0.8235294117647058
154	0.6470588235294118
155	0.5882352941176471
156	0.7647058823529411
157	0.7058823529411765
158	0.5882352941176471
159	0.6470588235294118
160	0.5882352941176471
161	0.5294117647058824
162	0.5294117647058824
163	0.7058823529411765
164	0.7647058823529411
165	0.5294117647058824
166	0.7647058823529411
167	0.7647058823529411
168	0.5294117647058824
169	0.4117647058823529
170	0.6470588235294118
171	0.6470588235294118
172	0.6470588235294118
173	0.4117647058823529
174	0.7647058823529411
175	0.47058823529411764
176	0.7647058823529411
177	0.6470588235294118
178	0.6470588235294118
179	0.5294117647058824
180	0.5882352941176471
181	0.5882352941176471
182	0.5294117647058824
183	0.47058823529411764
184	0.47058823529411764
185	0.6470588235294118
186	0.7058823529411765
187	0.5882352941176471
188	0.5882352941176471
189	0.6470588235294118
190	0.4117647058823529
191	0.5294117647058824
192	0.6470588235294118
193	0.5882352941176471
194	0.5294117647058824
195	0.7058823529411765
196	0.5882352941176471
197	0.47058823529411764
198	0.7058823529411765
199	0.47058823529411764
200	0.35294117647058826
201	0.6470588235294118
202	0.5882352941176471
203	0.5882352941176471
204	0.4117647058823529
205	0.5882352941176471
206	0.5294117647058824
207	0.4117647058823529
208	0.5882352941176471
209	0.7058823529411765
210	0.5882352941176471
211	0.5882352941176471
212	0.17647058823529413
213	0.4117647058823529
214	0.5882352941176471
215	0.6470588235294118
216	0.5882352941176471
217	0.47058823529411764
218	0.5882352941176471
219	0.5882352941176471
220	0.5294117647058824
221	0.6470588235294118
222	0.6470588235294118
223	0.7647058823529411
224	0.5294117647058824
225	0.6470588235294118
226	0.5294117647058824
227	0.5882352941176471
228	0.6470588235294118
229	0.7647058823529411
230	0.4117647058823529
231	0.7058823529411765
232	0.5882352941176471
233	0.6470588235294118
234	0.47058823529411764
235	0.5882352941176471
236	0.5882352941176471
237	0.6470588235294118
238	0.8235294117647058
239	0.6470588235294118
240	0.6470588235294118
241	0.5882352941176471
242	0.7058823529411765
243	0.47058823529411764
244	0.6470588235294118
245	0.6470588235294118
246	0.5882352941176471
247	0.7058823529411765
248	0.4117647058823529
249	0.7058823529411765
250	0.5294117647058824
251	0.5882352941176471
252	0.6470588235294118
253	0.7058823529411765
254	0.4117647058823529
255	0.6470588235294118
256	0.6470588235294118
257	0.7647058823529411
258	0.5882352941176471
259	0.47058823529411764
260	0.5882352941176471
261	0.7647058823529411
262	0.8235294117647058
263	0.4117647058823529
264	0.7058823529411765
265	0.7647058823529411
266	0.5882352941176471
267	0.5294117647058824
268	0.29411764705882354
269	0.47058823529411764
270	0.47058823529411764
271	0.7058823529411765
272	0.6470588235294118
273	0.5882352941176471
274	0.7647058823529411
275	0.7058823529411765
276	0.5882352941176471
277	0.6470588235294118
278	0.5294117647058824
279	0.7058823529411765
280	0.47058823529411764
281	0.5882352941176471
282	0.6470588235294118
283	0.8823529411764706
284	0.5294117647058824
285	0.5882352941176471
286	0.6470588235294118
287	0.5294117647058824
288	0.47058823529411764
289	0.5882352941176471
290	0.5882352941176471
291	0.5882352941176471
292	0.5882352941176471
293	0.5882352941176471
294	0.7058823529411765
295	0.5294117647058824
296	0.5882352941176471
297	0.5294117647058824
298	0.5882352941176471
299	0.5882352941176471
300	0.5882352941176471
301	0.5294117647058824
302	0.6470588235294118
303	0.5882352941176471
304	0.4117647058823529
305	0.5882352941176471
306	0.5882352941176471
307	0.5882352941176471
308	0.4117647058823529
309	0.5882352941176471
310	0.7058823529411765
311	0.5294117647058824
312	0.7647058823529411
313	0.5294117647058824
314	0.35294117647058826
315	0.7058823529411765
316	0.5882352941176471
317	0.6470588235294118
318	0.6470588235294118
319	0.5294117647058824
320	0.5882352941176471
321	0.8235294117647058
322	0.5882352941176471
323	0.5882352941176471
324	0.8235294117647058
325	0.6470588235294118
326	0.5294117647058824
327	0.5294117647058824
328	0.4117647058823529
329	0.4117647058823529
330	0.6470588235294118
331	0.4117647058823529
332	0.5882352941176471
333	0.7058823529411765
334	0.5882352941176471
335	0.5882352941176471
336	0.7647058823529411
337	0.6470588235294118
338	0.7058823529411765
339	0.7647058823529411
340	0.5882352941176471
341	0.5294117647058824
342	0.47058823529411764
343	0.4117647058823529
344	0.5882352941176471
345	0.47058823529411764
346	0.47058823529411764
347	0.47058823529411764
348	0.4117647058823529
349	0.5882352941176471
350	0.4117647058823529
351	0.7058823529411765
352	0.5294117647058824
353	0.47058823529411764
354	0.47058823529411764
355	0.7058823529411765
356	0.5882352941176471
357	0.4117647058823529
358	0.47058823529411764
359	0.47058823529411764
360	0.47058823529411764
361	0.4117647058823529
362	0.5294117647058824
363	0.47058823529411764
364	0.6470588235294118
365	0.5294117647058824
366	0.47058823529411764
367	0.4117647058823529
368	0.5882352941176471
369	0.35294117647058826
370	0.47058823529411764
371	0.47058823529411764
372	0.5882352941176471
373	0.35294117647058826
374	0.5294117647058824
375	0.35294117647058826
376	0.47058823529411764
377	0.4117647058823529
378	0.47058823529411764
379	0.5882352941176471
380	0.5294117647058824
381	0.29411764705882354
382	0.4117647058823529
383	0.7058823529411765
384	0.6470588235294118
385	0.4117647058823529
386	0.5882352941176471
387	0.5882352941176471
388	0.4117647058823529
389	0.5294117647058824
390	0.4117647058823529
391	0.6470588235294118
392	0.5294117647058824
393	0.5294117647058824
394	0.7647058823529411
395	0.7058823529411765
396	0.5882352941176471
397	0.5294117647058824
398	0.7058823529411765
399	0.47058823529411764
400	0.7058823529411765
401	0.6470588235294118
402	0.5882352941176471
403	0.5294117647058824
404	0.5882352941176471
405	0.35294117647058826
406	0.5294117647058824
407	0.5294117647058824
408	0.47058823529411764
409	0.5294117647058824
410	0.5294117647058824
411	0.4117647058823529
412	0.5882352941176471
413	0.47058823529411764
414	0.47058823529411764
415	0.6470588235294118
416	0.7058823529411765
417	0.4117647058823529
418	0.4117647058823529
419	0.5294117647058824
420	0.4117647058823529
421	0.5882352941176471
422	0.4117647058823529
423	0.6470588235294118
424	0.4117647058823529
425	0.47058823529411764
426	0.6470588235294118
427	0.5294117647058824
428	0.47058823529411764
429	0.7058823529411765
430	0.35294117647058826
431	0.35294117647058826
432	0.5294117647058824
433	0.5294117647058824
434	0.5294117647058824
435	0.5294117647058824
436	0.4117647058823529
437	0.29411764705882354
438	0.47058823529411764
439	0.5882352941176471
440	0.5294117647058824
441	0.5882352941176471
442	0.23529411764705882
443	0.6470588235294118
444	0.7647058823529411
445	0.6470588235294118
446	0.5882352941176471
447	0.7058823529411765
448	0.5882352941176471
449	0.5882352941176471
450	0.47058823529411764
451	0.7058823529411765
452	0.5294117647058824
453	0.4117647058823529
454	0.4117647058823529
455	0.47058823529411764
456	0.5294117647058824
457	0.35294117647058826
458	0.6470588235294118
459	0.35294117647058826
460	0.8235294117647058
461	0.5294117647058824
462	0.5882352941176471
463	0.47058823529411764
464	0.29411764705882354
465	0.6470588235294118
466	0.5882352941176471
467	0.5882352941176471
468	0.7058823529411765
469	0.6470588235294118
470	0.7647058823529411
471	0.6470588235294118
472	0.47058823529411764
473	0.6470588235294118
474	0.5294117647058824
475	0.5294117647058824
476	0.5294117647058824
477	0.47058823529411764
478	0.5294117647058824
479	0.4117647058823529
480	0.5882352941176471
481	0.7058823529411765
482	0.4117647058823529
483	0.4117647058823529
484	0.47058823529411764
485	0.6470588235294118
486	0.23529411764705882
487	0.29411764705882354
488	0.35294117647058826
489	0.6470588235294118
490	0.5882352941176471
491	0.35294117647058826
492	0.5882352941176471
493	0.6470588235294118
494	0.4117647058823529
495	0.5882352941176471
496	0.47058823529411764
497	0.5882352941176471
498	0.47058823529411764
499	0.4117647058823529
