Site	AT_content
0	0.5789473684210527
1	0.5789473684210527
2	0.5789473684210527
3	0.631578947368421
4	0.8421052631578947
5	0.7894736842105263
6	0.7894736842105263
7	0.631578947368421
8	0.631578947368421
9	0.7368421052631579
10	0.7368421052631579
11	0.5789473684210527
12	0.5789473684210527
13	0.42105263157894735
14	0.5789473684210527
15	0.5789473684210527
16	0.7368421052631579
17	0.631578947368421
18	0.7368421052631579
19	0.631578947368421
20	0.7894736842105263
21	0.631578947368421
22	0.7894736842105263
23	0.631578947368421
24	0.42105263157894735
25	0.631578947368421
26	0.8421052631578947
27	0.5789473684210527
28	0.631578947368421
29	0.9473684210526315
30	0.6842105263157895
31	0.3684210526315789
32	0.7368421052631579
33	0.631578947368421
34	0.5789473684210527
35	0.7894736842105263
36	0.631578947368421
37	0.5789473684210527
38	0.5789473684210527
39	0.6842105263157895
40	0.5789473684210527
41	0.6842105263157895
42	0.47368421052631576
43	0.7368421052631579
44	0.5263157894736842
45	0.6842105263157895
46	0.47368421052631576
47	0.5789473684210527
48	0.7368421052631579
49	0.631578947368421
50	0.631578947368421
51	0.6842105263157895
52	0.6842105263157895
53	0.6842105263157895
54	0.8421052631578947
55	0.7894736842105263
56	0.6842105263157895
57	0.5263157894736842
58	0.7368421052631579
59	0.5263157894736842
60	0.5789473684210527
61	0.5789473684210527
62	0.6842105263157895
63	0.631578947368421
64	0.6842105263157895
65	0.8421052631578947
66	0.47368421052631576
67	0.631578947368421
68	0.6842105263157895
69	0.631578947368421
70	0.6842105263157895
71	0.47368421052631576
72	0.8421052631578947
73	0.47368421052631576
74	0.6842105263157895
75	0.631578947368421
76	0.631578947368421
77	0.5263157894736842
78	0.7368421052631579
79	0.5263157894736842
80	0.7894736842105263
81	0.631578947368421
82	0.7894736842105263
83	0.47368421052631576
84	0.5263157894736842
85	0.6842105263157895
86	0.631578947368421
87	0.5789473684210527
88	0.5789473684210527
89	0.47368421052631576
90	0.6842105263157895
91	0.6842105263157895
92	0.5789473684210527
93	0.631578947368421
94	0.7368421052631579
95	0.42105263157894735
96	0.5263157894736842
97	0.3684210526315789
98	0.7368421052631579
99	0.7368421052631579
100	0.5263157894736842
101	0.5789473684210527
102	0.7894736842105263
103	0.631578947368421
104	0.5263157894736842
105	0.631578947368421
106	0.5789473684210527
107	0.6842105263157895
108	0.5263157894736842
109	0.7368421052631579
110	0.6842105263157895
111	0.631578947368421
112	0.631578947368421
113	0.6842105263157895
114	0.6842105263157895
115	0.47368421052631576
116	0.631578947368421
117	0.47368421052631576
118	0.631578947368421
119	0.3684210526315789
120	0.47368421052631576
121	0.6842105263157895
122	0.5789473684210527
123	0.6842105263157895
124	0.5789473684210527
125	0.631578947368421
126	0.6842105263157895
127	0.631578947368421
128	0.5263157894736842
129	0.7368421052631579
130	0.7368421052631579
131	0.5789473684210527
132	0.631578947368421
133	0.5789473684210527
134	0.631578947368421
135	0.42105263157894735
136	0.5789473684210527
137	0.6842105263157895
138	0.6842105263157895
139	0.631578947368421
140	0.5263157894736842
141	0.5789473684210527
142	0.5789473684210527
143	0.3684210526315789
144	0.631578947368421
145	0.7894736842105263
146	0.631578947368421
147	0.631578947368421
148	0.5789473684210527
149	0.8947368421052632
150	0.5263157894736842
151	0.631578947368421
152	0.7368421052631579
153	0.7368421052631579
154	0.5789473684210527
155	0.6842105263157895
156	0.7368421052631579
157	0.7368421052631579
158	0.6842105263157895
159	0.6842105263157895
160	0.5789473684210527
161	0.631578947368421
162	0.7368421052631579
163	0.7368421052631579
164	0.6842105263157895
165	0.7894736842105263
166	0.6842105263157895
167	0.8421052631578947
168	0.5789473684210527
169	0.5789473684210527
170	0.6842105263157895
171	0.631578947368421
172	0.5263157894736842
173	0.631578947368421
174	0.6842105263157895
175	0.47368421052631576
176	0.47368421052631576
177	0.47368421052631576
178	0.5789473684210527
179	0.47368421052631576
180	0.6842105263157895
181	0.6842105263157895
182	0.631578947368421
183	0.42105263157894735
184	0.7894736842105263
185	0.8421052631578947
186	0.5263157894736842
187	0.6842105263157895
188	0.47368421052631576
189	0.5263157894736842
190	0.7368421052631579
191	0.7894736842105263
192	0.47368421052631576
193	0.7368421052631579
194	0.47368421052631576
195	0.7368421052631579
196	0.631578947368421
197	0.631578947368421
198	0.5789473684210527
199	0.5263157894736842
200	0.7368421052631579
201	0.5789473684210527
202	0.5789473684210527
203	0.8947368421052632
204	0.5789473684210527
205	0.631578947368421
206	0.6842105263157895
207	0.6842105263157895
208	0.631578947368421
209	0.5263157894736842
210	0.6842105263157895
211	0.6842105263157895
212	0.5263157894736842
213	0.6842105263157895
214	0.631578947368421
215	0.5263157894736842
216	0.631578947368421
217	0.6842105263157895
218	0.631578947368421
219	0.631578947368421
220	0.5789473684210527
221	0.7368421052631579
222	0.5263157894736842
223	0.631578947368421
224	0.47368421052631576
225	0.5263157894736842
226	0.6842105263157895
227	0.7894736842105263
228	0.631578947368421
229	0.5789473684210527
230	0.47368421052631576
231	0.7368421052631579
232	0.631578947368421
233	0.7894736842105263
234	0.8421052631578947
235	0.5789473684210527
236	0.5789473684210527
237	0.5789473684210527
238	0.47368421052631576
239	0.5789473684210527
240	0.5789473684210527
241	0.631578947368421
242	0.5789473684210527
243	0.42105263157894735
244	0.7368421052631579
245	0.631578947368421
246	0.5789473684210527
247	0.631578947368421
248	0.5263157894736842
249	0.631578947368421
250	0.631578947368421
251	0.47368421052631576
252	0.6842105263157895
253	0.47368421052631576
254	0.6842105263157895
255	0.5789473684210527
256	0.47368421052631576
257	0.631578947368421
258	0.7368421052631579
259	0.47368421052631576
260	0.631578947368421
261	0.5263157894736842
262	0.5789473684210527
263	0.5263157894736842
264	0.47368421052631576
265	0.6842105263157895
266	0.42105263157894735
267	0.631578947368421
268	0.5789473684210527
269	0.7368421052631579
270	0.5789473684210527
271	0.5789473684210527
272	0.6842105263157895
273	0.42105263157894735
274	0.42105263157894735
275	0.631578947368421
276	0.6842105263157895
277	0.631578947368421
278	0.5789473684210527
279	0.5789473684210527
280	0.631578947368421
281	0.5789473684210527
282	0.5789473684210527
283	0.42105263157894735
284	0.631578947368421
285	0.42105263157894735
286	0.631578947368421
287	0.5789473684210527
288	0.47368421052631576
289	0.5263157894736842
290	0.5263157894736842
291	0.5263157894736842
292	0.631578947368421
293	0.5789473684210527
294	0.5263157894736842
295	0.5789473684210527
296	0.5263157894736842
297	0.47368421052631576
298	0.42105263157894735
299	0.3684210526315789
300	0.6842105263157895
301	0.631578947368421
302	0.3684210526315789
303	0.5789473684210527
304	0.631578947368421
305	0.631578947368421
306	0.5789473684210527
307	0.631578947368421
308	0.6842105263157895
309	0.42105263157894735
310	0.5263157894736842
311	0.47368421052631576
312	0.47368421052631576
313	0.42105263157894735
314	0.6842105263157895
315	0.6842105263157895
316	0.42105263157894735
317	0.5263157894736842
318	0.3684210526315789
319	0.631578947368421
320	0.631578947368421
321	0.3684210526315789
322	0.5789473684210527
323	0.5789473684210527
324	0.42105263157894735
325	0.5263157894736842
326	0.47368421052631576
327	0.42105263157894735
328	0.631578947368421
329	0.42105263157894735
330	0.5263157894736842
331	0.47368421052631576
332	0.5789473684210527
333	0.631578947368421
334	0.47368421052631576
335	0.42105263157894735
336	0.631578947368421
337	0.5789473684210527
338	0.5263157894736842
339	0.5789473684210527
340	0.42105263157894735
341	0.47368421052631576
342	0.5263157894736842
343	0.47368421052631576
344	0.5263157894736842
345	0.5263157894736842
346	0.42105263157894735
347	0.5789473684210527
348	0.47368421052631576
349	0.47368421052631576
350	0.47368421052631576
351	0.42105263157894735
352	0.5263157894736842
353	0.5263157894736842
354	0.5789473684210527
355	0.42105263157894735
356	0.3157894736842105
357	0.47368421052631576
358	0.5263157894736842
359	0.5263157894736842
360	0.42105263157894735
361	0.47368421052631576
362	0.5789473684210527
363	0.5789473684210527
364	0.3684210526315789
365	0.6842105263157895
366	0.47368421052631576
367	0.47368421052631576
368	0.42105263157894735
369	0.631578947368421
370	0.42105263157894735
371	0.3684210526315789
372	0.3684210526315789
373	0.631578947368421
374	0.631578947368421
375	0.10526315789473684
376	0.5789473684210527
377	0.42105263157894735
378	0.47368421052631576
379	0.5789473684210527
380	0.5263157894736842
381	0.3157894736842105
382	0.6842105263157895
383	0.631578947368421
384	0.5789473684210527
385	0.42105263157894735
386	0.47368421052631576
387	0.47368421052631576
388	0.42105263157894735
389	0.5789473684210527
390	0.42105263157894735
391	0.3684210526315789
392	0.42105263157894735
393	0.5263157894736842
394	0.47368421052631576
395	0.631578947368421
396	0.47368421052631576
397	0.47368421052631576
398	0.47368421052631576
399	0.3684210526315789
400	0.5263157894736842
401	0.42105263157894735
402	0.47368421052631576
403	0.2631578947368421
404	0.47368421052631576
405	0.5263157894736842
406	0.5789473684210527
407	0.5263157894736842
408	0.42105263157894735
409	0.47368421052631576
410	0.47368421052631576
411	0.5263157894736842
412	0.42105263157894735
413	0.3684210526315789
414	0.7368421052631579
415	0.3684210526315789
416	0.21052631578947367
417	0.42105263157894735
418	0.42105263157894735
419	0.42105263157894735
420	0.6842105263157895
421	0.42105263157894735
422	0.47368421052631576
423	0.7368421052631579
424	0.3684210526315789
425	0.5789473684210527
426	0.47368421052631576
427	0.47368421052631576
428	0.42105263157894735
429	0.42105263157894735
430	0.21052631578947367
431	0.3157894736842105
432	0.42105263157894735
433	0.47368421052631576
434	0.2631578947368421
435	0.42105263157894735
436	0.3684210526315789
437	0.42105263157894735
438	0.47368421052631576
439	0.3157894736842105
440	0.5789473684210527
441	0.42105263157894735
442	0.47368421052631576
443	0.631578947368421
444	0.47368421052631576
445	0.21052631578947367
446	0.47368421052631576
447	0.631578947368421
448	0.631578947368421
449	0.42105263157894735
450	0.3684210526315789
451	0.42105263157894735
452	0.47368421052631576
453	0.3684210526315789
454	0.2631578947368421
455	0.3684210526315789
456	0.42105263157894735
457	0.47368421052631576
458	0.2631578947368421
459	0.42105263157894735
460	0.42105263157894735
461	0.47368421052631576
462	0.5789473684210527
463	0.5263157894736842
464	0.5263157894736842
465	0.5789473684210527
466	0.5789473684210527
467	0.631578947368421
468	0.5789473684210527
469	0.631578947368421
470	0.5263157894736842
471	0.5263157894736842
472	0.6842105263157895
473	0.3684210526315789
474	0.5263157894736842
475	0.21052631578947367
476	0.3157894736842105
477	0.42105263157894735
478	0.2631578947368421
479	0.631578947368421
480	0.5263157894736842
481	0.5789473684210527
482	0.47368421052631576
483	0.3157894736842105
484	0.3157894736842105
485	0.5789473684210527
486	0.3157894736842105
487	0.631578947368421
488	0.47368421052631576
489	0.47368421052631576
490	0.5789473684210527
491	0.47368421052631576
492	0.5789473684210527
493	0.631578947368421
494	0.3157894736842105
495	0.47368421052631576
496	0.5789473684210527
497	0.15789473684210525
498	0.42105263157894735
499	0.47368421052631576
